testBool=true
testInt=42
testString=test
testChar=t
testUChar=15
testShort=32767
testUShort=65535
testUInt=15616
testLong=156166453
testULong=156166453
testDouble=3.14159
testFloat=3.141592